a = 4.000000
b = 5.000000
c = 6.000000
